0,0,20,8
5,1,12,1
10,2,20,15
14,3,5,3
14,4,15,22
17,5,11,2
18,6,21,11
20,7,1,21
30,8,7,14
32,9,1,14
32,10,8,16
42,11,21,16
43,12,6,22
49,13,24,9
53,14,19,22
63,15,12,9
63,16,4,21
67,17,13,1
67,18,14,19
68,19,23,22
68,20,23,11
71,21,15,6
71,22,4,18
76,23,18,7
84,24,10,6
86,25,16,11
90,26,16,5
90,27,17,11
90,28,6,4
91,29,15,1
96,30,20,24
106,31,5,4
109,32,6,1
116,33,15,5
121,34,15,2
125,35,11,22
133,36,4,23
139,37,9,11
150,38,17,16
154,39,13,6
154,40,16,1
157,41,8,13
157,42,20,19
161,43,7,9
161,44,22,23
161,45,21,25
161,46,21,20
165,47,21,15
166,48,14,2
166,49,23,14
171,50,5,3
176,51,21,10
178,52,22,15
186,53,17,11
186,54,4,23
191,55,2,23
202,56,11,22
203,57,20,18
203,58,22,19
207,59,16,15
212,60,10,13
212,61,5,3
214,62,16,15
214,63,9,10
218,64,16,8
219,65,2,19
226,66,10,12
227,67,7,15
227,68,3,9
228,69,5,7
242,70,22,25
242,71,24,4
242,72,4,23
242,73,4,24
244,74,15,14
244,75,19,16
247,76,13,20
249,77,6,3
250,78,7,18
250,79,20,2
253,80,1,15
265,81,11,24
265,82,20,13
265,83,4,10
265,84,18,11
265,85,4,7
268,86,2,3
271,87,19,21
271,88,10,23
278,89,16,15
285,90,7,17
285,91,18,5
288,92,10,12
288,93,21,7
291,94,4,12
291,95,18,17
297,96,21,25
302,97,24,17
308,98,15,19
321,99,8,16
321,100,14,25
321,101,8,2
321,102,11,8
324,103,11,21
325,104,23,22
336,105,19,15
343,106,8,9
343,107,21,10
345,108,12,13
345,109,8,6
347,110,13,11
348,111,4,13
351,112,6,1
351,113,9,20
351,114,14,24
351,115,15,13
352,116,15,10
352,117,25,6
352,118,13,23
352,119,13,21
354,120,9,11
354,121,11,23
354,122,2,8
354,123,14,2
359,124,21,20
360,125,15,25
362,126,18,22
366,127,18,25
368,128,23,14
368,129,3,4
369,130,2,9
379,131,4,9
379,132,6,13
379,133,24,25
387,134,14,5
388,135,15,22
388,136,10,8
388,137,7,2
388,138,21,8
390,139,10,22
390,140,10,18
396,141,5,3
396,142,2,25
396,143,13,7
396,144,2,1
399,145,11,19
399,146,17,3
408,147,20,18
408,148,6,18
408,149,1,7
408,150,3,12
410,151,23,2
410,152,23,6
410,153,25,18
413,154,18,2
414,155,12,3
414,156,25,3
414,157,6,18
414,158,8,25
414,159,11,18
418,160,1,14
420,161,25,17
421,162,25,24
421,163,17,15
422,164,3,9
424,165,2,22
425,166,23,8
438,167,22,16
443,168,6,25
443,169,21,3
443,170,22,8
443,171,14,8
443,172,16,12
443,173,10,23
443,174,5,6
443,175,20,17
443,176,15,13
446,177,9,12
447,178,8,14
453,179,19,25
457,180,17,24
459,181,5,7
459,182,7,8
459,183,7,19
462,184,18,11
462,185,16,8
470,186,12,6
474,187,16,6
477,188,14,3
477,189,22,24
485,190,20,12
495,191,20,16
504,192,6,8
515,193,9,24
515,194,23,25
515,195,8,17
515,196,21,1
515,197,22,24
515,198,7,24
519,199,19,14