0,0,24,1
0,1,4,1
7,2,5,1
12,3,13,1
21,4,13,1
22,5,1,13
31,6,1,11
34,7,14,25
39,8,13,1
39,9,1,7
39,10,1,13
41,11,1,13
41,12,1,13
46,13,13,1
46,14,1,13
54,15,13,1
61,16,1,9
73,17,1,13
73,18,1,13
74,19,1,8
77,20,1,13
81,21,21,20
90,22,5,1
90,23,13,1
97,24,13,1
97,25,1,10
97,26,16,1
97,27,1,5
98,28,13,1
100,29,19,1
104,30,13,1
107,31,2,1
109,32,11,1
120,33,13,1
120,34,1,13
120,35,4,1
123,36,19,1
129,37,1,13
134,38,1,4
135,39,1,13
139,40,2,1
139,41,1,13
142,42,13,1
146,43,1,13
156,44,13,1
161,45,14,23
166,46,1,13
166,47,1,13
174,48,15,17
174,49,1,13
178,50,13,1
178,51,1,13
178,52,25,1
178,53,16,23
182,54,1,13
188,55,1,13
192,56,1,13
198,57,13,1
202,58,1,2
204,59,13,1
208,60,1,13
215,61,25,19
219,62,1,13
224,63,18,1
225,64,13,1
225,65,13,1
233,66,15,1
247,67,20,15
250,68,1,13
255,69,3,1
258,70,1,4
265,71,1,13
270,72,24,21
278,73,13,1
282,74,1,13
293,75,13,1
296,76,25,21
296,77,13,1
297,78,17,1
299,79,13,1
303,80,16,22
303,81,1,13
315,82,1,13
315,83,14,1
315,84,1,13
325,85,12,1
326,86,9,1
333,87,7,1
333,88,13,1
333,89,1,13
342,90,1,13
354,91,1,10
356,92,1,13
363,93,1,6
367,94,1,13
367,95,13,1
376,96,1,13
377,97,15,17
377,98,1,4
378,99,1,13
383,100,13,1
386,101,13,1
386,102,1,13
390,103,1,13
393,104,24,18
393,105,13,1
395,106,1,3
395,107,1,13
395,108,1,13
395,109,5,1
397,110,13,1
397,111,19,1
397,112,25,21
397,113,17,19
397,114,19,22
397,115,1,13
397,116,1,13
400,117,1,13
401,118,1,13
406,119,25,24
406,120,13,1
406,121,13,1
406,122,13,1
414,123,13,1
419,124,20,1
421,125,1,4
421,126,14,19
430,127,14,1
430,128,20,1
431,129,7,1
435,130,11,1
442,131,1,13
457,132,4,1
457,133,25,21
466,134,21,1
472,135,1,13
472,136,22,25
472,137,13,1
472,138,1,9
472,139,20,17
472,140,16,22
476,141,1,7
481,142,11,1
484,143,13,1
486,144,13,1
486,145,13,1
496,146,13,1
500,147,1,13
504,148,1,13
505,149,13,1
505,150,1,9
513,151,1,13
513,152,13,1
521,153,13,1
535,154,1,13
535,155,1,2
537,156,1,2
540,157,13,1
540,158,16,1
543,159,22,18
543,160,18,15
552,161,13,1
558,162,1,13
558,163,14,1
568,164,1,13
575,165,14,24
577,166,1,13
577,167,1,13
577,168,23,18
589,169,1,13
591,170,13,1
591,171,13,1
599,172,13,1
606,173,13,1
611,174,13,1
614,175,1,13
616,176,17,23
622,177,13,1
622,178,1,13
635,179,1,7
641,180,13,1
643,181,23,18
647,182,1,4
648,183,1,13
651,184,23,24
655,185,2,1
663,186,23,15
666,187,1,13
677,188,15,1
680,189,1,13
680,190,17,19
680,191,1,13
690,192,16,1
692,193,18,22
700,194,13,1
704,195,1,13
715,196,1,13
724,197,24,25
724,198,1,13
727,199,3,1
731,200,1,13
744,201,13,1
744,202,12,5
755,203,1,13
758,204,1,13
758,205,18,23
760,206,1,13
760,207,1,13
771,208,16,21
779,209,1,13
779,210,19,17
787,211,13,1
794,212,13,1
800,213,4,1
802,214,13,1
802,215,22,1
802,216,1,9
810,217,23,1
810,218,16,23
817,219,13,1
822,220,13,1
827,221,13,1
827,222,21,1
834,223,1,13
834,224,12,1
838,225,8,1
838,226,17,1
838,227,1,13
838,228,1,13
839,229,1,8
847,230,1,10
848,231,13,1
853,232,23,1
859,233,13,1
861,234,13,1
861,235,22,14
869,236,1,13
870,237,23,14
873,238,13,1
873,239,14,1
877,240,1,13
883,241,12,1
883,242,12,1
896,243,13,1
909,244,1,13
916,245,18,1
916,246,1,13
916,247,13,1
916,248,13,1
925,249,12,1
925,250,13,1
925,251,1,13
929,252,18,19
931,253,9,1
931,254,23,1
937,255,13,1
949,256,5,1
962,257,13,1
964,258,1,4
970,259,15,1
982,260,1,11
982,261,1,13
983,262,1,13
983,263,22,20
984,264,1,13
994,265,13,1
1001,266,11,1
1001,267,10,1
1008,268,10,1
1015,269,1,13
1022,270,13,1
1027,271,3,1
1037,272,13,1
1043,273,1,13
1053,274,13,1
1062,275,4,1
1076,276,13,1
1081,277,13,1
1081,278,1,5
1084,279,13,1
1086,280,9,1
1086,281,24,1
1086,282,1,8
1086,283,19,20
1096,284,1,13
1111,285,1,13
1115,286,1,13
1118,287,1,11
1123,288,13,1
1129,289,1,13
1129,290,15,1
1137,291,1,13
1137,292,13,1
1137,293,11,1
1143,294,1,12
1147,295,13,1
1160,296,25,20
1165,297,1,13
1168,298,13,1
1168,299,21,14
1173,300,13,1
1177,301,1,13
1185,302,1,2
1190,303,13,1
1197,304,25,1
1197,305,4,1
1206,306,1,10
1206,307,1,3
1206,308,15,20
1206,309,13,1
1206,310,18,22
1206,311,1,13
1215,312,19,25
1215,313,15,24
1215,314,13,1
1219,315,1,13
1223,316,13,1
1223,317,1,10
1226,318,1,13
1231,319,13,1
1240,320,1,13
1242,321,14,21
1249,322,1,13
1256,323,12,1
1258,324,15,1
1267,325,1,13
1271,326,1,13
1275,327,1,6
1275,328,1,13
1276,329,1,13
1285,330,13,1
1285,331,5,1
1295,332,1,13
1295,333,20,1
1302,334,13,1
1311,335,1,13
1316,336,1,13
1318,337,1,13
1322,338,1,6
1327,339,1,13
1331,340,4,1
1341,341,23,1
1341,342,1,13
1345,343,1,13
1352,344,13,1
1356,345,17,1
1363,346,1,12
1376,347,17,24
1394,348,15,21
1394,349,13,1
1405,350,1,13
1406,351,13,1
1415,352,11,1
1420,353,1,11
1422,354,1,6
1424,355,13,1
1424,356,8,1
1427,357,1,13
1427,358,1,7
1427,359,13,1
1433,360,20,1
1437,361,1,13
1443,362,13,1
1448,363,5,1
1453,364,14,1
1454,365,17,1
1464,366,1,13
1464,367,1,12
1468,368,13,1
1468,369,1,13
1469,370,13,1
1474,371,1,12
1479,372,1,13
1481,373,17,15
1481,374,23,1
1487,375,13,1
1487,376,18,15
1487,377,13,1
1494,378,1,13
1501,379,1,13
1509,380,19,14
1513,381,13,1
1518,382,21,17
1525,383,13,1
1525,384,1,13
1527,385,1,13
1529,386,7,1
1529,387,5,1
1531,388,13,1
1534,389,1,13
1534,390,5,1
1540,391,16,25
1541,392,13,1
1541,393,13,1
1541,394,13,1
1546,395,13,1
1554,396,1,13
1557,397,1,13
1560,398,16,15
1569,399,1,4
1584,400,1,13
1585,401,1,13
1586,402,1,13
1593,403,1,13
1593,404,20,16
1594,405,1,13
1598,406,16,23
1610,407,13,1
1612,408,1,13
1612,409,21,17
1617,410,1,7
1617,411,6,1
1625,412,22,24
1625,413,1,13
1625,414,23,22
1625,415,1,13
1630,416,24,1
1632,417,1,13
1636,418,6,1
1636,419,1,13
1636,420,13,1
1648,421,1,13
1651,422,2,9
1659,423,24,1
1673,424,1,13
1673,425,13,1
1675,426,13,1
1681,427,1,13
1687,428,17,18
1698,429,16,1
1702,430,14,22
1713,431,1,13
1721,432,13,1
1725,433,1,13
1733,434,1,13
1733,435,1,4
1739,436,13,1
1739,437,5,1
1740,438,13,1
1748,439,1,13
1749,440,13,1
1749,441,1,13
1756,442,1,13
1761,443,1,11
1765,444,13,1
1779,445,4,1
1779,446,13,1
1786,447,13,1
1795,448,13,1
1795,449,16,14
1801,450,1,13
1807,451,14,16
1813,452,10,1
1817,453,20,22
1817,454,1,6
1820,455,13,1
1822,456,1,13
1822,457,1,6
1831,458,23,22
1831,459,13,1
1835,460,23,24
1835,461,13,1
1838,462,15,14
1841,463,1,13
1844,464,1,13
1844,465,13,1
1855,466,13,1
1857,467,24,25
1859,468,1,13
1865,469,1,13
1869,470,1,13
1869,471,2,1
1872,472,21,20
1873,473,21,23
1878,474,24,19
1878,475,24,14
1888,476,3,1
1888,477,18,24
1888,478,18,19
1894,479,13,1
1894,480,13,1
1898,481,13,1
1899,482,14,21
1899,483,13,1
1908,484,13,1
1912,485,21,1
1912,486,8,1
1912,487,18,1
1912,488,13,1
1912,489,13,1
1916,490,2,1
1916,491,13,1
1919,492,1,13
1923,493,1,13
1923,494,13,1
1929,495,25,1
1934,496,5,1
1939,497,1,5
1950,498,13,1
1952,499,8,1